00ALIMENTOS15-04-2021 00:57:4101
02 0001 Arroz integral cozido                         100,00 123,53 0,00 25,80 2,74 5,20 0,26 1,24 2,58 0001
02 0002 Arroz integral cru                            100,00 359,67 0,00 77,45 4,81 7,81 0,94 1,64 7,32 0001
02 0003 Arroz branco cozido                           100,00 128,25 0,00 28,05 1,56 3,54 0,07 1,20 2,52 0001
02 0004 Arroz branco cru                              100,00 357,78 0,00 78,75 1,63 4,41 0,07 1,01 7,15 0001
02 0005 Aveia em flocas crua                          100,00 393,82 0,00 66,63 9,13 47,89 4,44 4,62 13,92 0001
02 0006 Bolacha de maisena                            100,00 442,81 0,00 75,23 2,10 54,45 1,76 352,02 8,07 0001
02 0007 Bolacha recheada de chocolate                 100,00 471,82 0,00 70,54 2,95 27,23 2,27 239,02 6,39 0001
02 0008 Bolacha recheada de morango                   100,00 471,17 0,00 71,01 1,53 35,78 1,48 229,81 5,71 0001
02 0009 Bolacha Wafer de chocolate                    100,00 502,45 0,00 67,53 1,80 23,34 2,44 137,24 5,56 0001
02 0010 Bolacha wafer de morango                      100,00 513,44 1,26 67,35 0,82 13,70 1,09 119,90 4,51 0001
02 0011 Bolacha cream cracker                         100,00 431,73 0,00 68,73 2,51 20,00 2,02 854,35 10,05 0001
02 0012 Bolo de mandioca                              100,00 323,85 73,20 47,88 0,69 85,00 0,48 111,00 4,41 0001
02 0013 Bolo de chocolate                             100,00 410,01 76,79 54,71 1,43 74,58 2,13 283,03 6,22 0001
02 0014 Bolo de coco                                  100,00 33,43 63,20 52,27 57,10 1,05 0,84 190,33 5,06 0001
02 0015 Bolo de milho                                 100,00 311,38 81,68 45,10 0,71 82,58 0,65 133,81 4,80 0001
02 0016 Canjica crua                                  100,00 357,60 0,00 78,06 5,49 1,96 0,32 0,78 7,02 0001
02 0017 Canjica com leite                             100,00 112,45 1,35 23,62 1,21 42,56 0,05 27,58 2,36 0001
02 0018 Mingau de milho                               100,00 394,42 0,00 87,26 3,21 218,80 3,03 399,40 6,43 0001
02 0019 Mistura pra vitamina                          100,00 381,13 0,00 81,61 4,98 584,25 12,64 1163,25 8,89 0001
02 0020 Cereal matinal de milho                       100,00 376,55 0,00 88,84 2,10 56,42 3,90 405,31 4,74 0001
02 0021 Creme de arroz                                100,00 386,00 0,00 83,86 1,07 7,00 0,63 1,03 7,02 0001
02 0022 Creme de milho                                100,00 333,03 0,00 86,14 3,72 323,16 4,25 165,72 4,82 0001
02 0023 Curau de milho verde                          100,00 78,43 4,74 13,98 0,45 52,59 44,00 20,52 2,36 0001
02 0024 Farinha de arroz                              100,00 363,05 0,00 85,50 0,58 1,12 31,38 17,10 1,26 0001
02 0025 Farinha de centeio                            100,00 335,77 0,00 73,29 15,48 33,91 4,73 41,37 12,51 0001
02 0026 Farinha de milho                              100,00 350,58 0,00 79,00 5,49 1,28 2,25 44,93 7,18 0001
02 0027 Farinha de rosca                              100,00 370,57 0,00 75,78 4,82 35,29 6,73 332,50 11,38 0001
02 0028 Farinha de trigo                              100,00 360,47 0,00 75,00 2,34 17,86 0,95 0,73 9,70 0001
02 0029 Farinha láctea                                100,00 414,85 11,27 77,78 1,94 196,06 8,87 125,07 11,87 0001
02 0030 Lasanha massa cozida                          100,00 163,76 0,00 32,52 1,63 9,97 1,18 206,76 5,81 0001
02 0031 Lasanha massa crua                            100,00 220,30 0,00 45,05 1,60 16,54 1,87 666,71 7,00 0001
02 0032 Miojo                                         100,00 435,86 0,00 62,43 5,61 17,62 0,08 1515,52 8,79 0001
02 0033 Macarrão                                      100,00 371,12 0,00 77,94 2,92 17,30 0,88 7,17 9,99 0001
02 0034 Maizena                                       100,00 361,36 0,00 87,14 0,74 1,05 0,12 8,08 0,59 0001
02 0035 Fubá                                          100,00 353,48 0,00 78,88 4,71 2,66 0,85 0,00 7,23 0001
02 0036 Milho verde                                   100,00 138,16 0,00 28,55 3,91 1,61 0,41 1,11 6,58 0001
02 0037 Milho enlatado                                100,00 97,50 0,00 17,13 4,64 2,16 0,58 260,34 3,22 0001
02 0038 Pamonha                                       100,00 171,21 0,00 30,68 2,37 4,16 0,35 131,99 2,55 0001
02 0039 Pão de forma                                  100,00 252,99 0,00 44,19 2,48 155,72 5,71 22,04 11,95 0001
02 0040 Pão de milho                                  100,00 292,01 5,58 56,39 4,29 77,84 3,04 506,64 8,30 0001
02 0041 Pão integral                                  100,00 253,19 0,00 49,94 6,88 131,89 2,99 506,10 9,25 0001
02 0042 Pão francês                                   100,00 299,81 0,00 58,64 2,30 15,75 1,00 647,67 7,95 0001
02 0043 Pão sovado                                    100,00 310,96 16,56 61,45 2,43 51,61 2,26 430,79 8,39 0001
02 0044 Pastel de carne                               100,00 388,37 25,33 43,76 0,98 12,55 2,50 1039,88 10,10 0001
02 0045 Pastel de queijo                              100,00 422,11 15,37 48,13 0,94 126,12 1,34 821,38 8,70 0001
02 0046 Pipoca                                        100,00 448,33 0,00 70,31 14,33 2,82 1,15 4,32 9,92 0001
02 0047 Abóbora                                       100,00 48,04 0,00 10,76 2,46 7,62 0,34 1,45 1,44 0002
02 0048 Abobrinha                                     100,00 15,03 0,00 2,97 1,58 16,72 0,15 0,83 1,12 0002
02 0049 Acelga                                        100,00 20,94 0,00 4,63 1,12 42,98 0,26 1,18 1,44 0002
02 0050 Aipo                                          100,00 19,09 0,00 4,27 0,95 65,22 0,72 9,51 0,75 0002
02 0051 Alface                                        100,00 8,79 0,00 1,74 1,02 14,44 0,26 7,30 0,60 0002
02 0052 Alho                                          100,00 113,12 0,00 23,90 4,32 13,56 0,08 5,36 7,01 0002
02 0053 Alho poró                                     100,00 31,50 0,00 6,87 2,50 33,61 0,64 1,76 1,41 0002
02 0054 Almeirão                                      100,00 18,03 0,00 3,33 2,58 19,49 0,76 2,35 1,76 0002
02 0055 Batata baroa                                  100,00 80,11 0,00 18,94 1,75 11,85 0,42 2,09 0,85 0002
02 0056 Batata doce                                   100,00 76,75 0,00 18,42 2,21 17,15 0,18 2,69 0,64 0002
02 0057 Batata frita                                  100,00 542,72 0,00 51,22 2,45 11,59 0,69 607,39 5,58 0002
02 0058 Batata sauté                                  100,00 67,88 0,00 14,09 1,37 4,18 0,25 8,18 1,29 0002
02 0059 Berinjela                                     100,00 18,84 0,00 4,46 2,52 10,77 0,22 1,32 0,67 0002
02 0060 Beterraba                                     100,00 32,15 0,00 7,23 1,87 15,25 0,23 22,76 1,29 0002
02 0061 Biscoito de povilho                           100,00 97,80 9,38 80,53 1,15 30,45 1,76 2,88 1,29 0002
02 0062 Brócolis                                      100,00 24,63 0,00 4,36 3,41 50,77 0,53 2,12 2,13 0002
02 0063 Cebola                                        100,00 39,42 0,00 8,85 2,18 14,00 0,20 0,59 1,71 0002
02 0064 Cenoura                                       100,00 29,86 0,00 6,68 2,62 25,61 0,09 7,88 0,84 0002
02 0065 Chuchu                                        100,00 18,53 0,00 4,79 1,03 7,82 0,06 1,80 0,41 0002
02 0066 Coentro                                       100,00 18,25 0,00 47,95 2,03 37,29 783,81 81,43 20,87 0002
02 0067 Couve                                         100,00 27,05 0,00 4,33 3,12 130,86 0,45 6,17 2,87 0002
02 0068 Couve flor                                    100,00 22,56 0,00 4,51 2,35 17,82 0,53 3,43 1,90 0002
02 0069 Espinafre                                     100,00 16,09 0,00 2,57 2,01 97,50 0,35 17,09 1,99 0002
02 0070 Farinha de mandioca                           100,00 360,86 0,00 87,89 6,39 64,87 1,09 1,02 1,55 0002
02 0071 Fécula de mandioca                            100,00 330,85 0,00 81,14 0,64 11,89 0,10 2,44 0,52 0002
02 0072 Feijão                                        100,00 38,72 0,00 7,75 1,96 14,48 0,82 1,79 4,16 0002
02 0073 Jiló                                          100,00 27,36 0,00 6,19 4,82 19,97 0,33 0,00 1,40 0002
02 0074 Mandioca                                      100,00 125,35 0,00 1,55 18,62 0,07 0,90 0,00 0,57 0002
02 0075 Mandioca frita                                100,00 300,05 0,00 50,25 1,87 23,05 0,32 8,93 1,38 0002
02 0076 Nhoque                                        100,00 180,77 15,07 36,78 1,78 11,42 1,64 7,06 5,85 0002
02 0077 Palmito                                       100,00 23,19 0,00 3,15 58,28 0,30 12,50 513,82 1,79 0002
02 0078 Pão de queijo                                 100,00 363,07 67,72 34,24 0,55 102,49 0,27 773,49 5,12 0002
02 0079 Pepino                                        100,00 9,53 0,00 2,03 1,12 9,61 0,14 0,00 0,86 0002
02 0080 Pimentão amarelo                              100,00 27,92 0,00 5,96 1,92 9,61 0,41 0,00 1,22 0002
02 0081 Pimentão verde                                100,00 21,28 0,00 4,89 2,56 8,76 0,41 0,00 1,05 0002
02 0082 Pimentão vermelho                             100,00 23,28 0,00 5,46 1,59 6,37 0,33 0,00 1,03 0002
02 0083 Polvilho doce                                 100,00 351,22 0,00 86,77 0,23 27,41 0,51 1,57 0,43 0002
02 0084 Quiabo                                        100,00 29,93 0,00 6,37 4,55 112,15 0,36 0,89 1,91 0002
02 0085 Rabanete                                      100,00 13,73 0,00 2,72 2,19 20,86 0,35 10,99 1,39 0002
02 0086 Repolho branco                                100,00 17,11 0,00 3,85 1,89 34,54 0,15 3,64 0,87 0002
02 0087 Repolho roxo cru                              100,00 30,90 0,00 7,20 1,90 43,60 0,51 2,30 1,90 0002
02 0088 Repolho roxo refogado                         100,00 41,77 0,00 7,56 1,75 42,58 0,46 3,41 1,80 0002
02 0089 Rucúla crua                                   100,00 13,13 0,00 2,21 1,74 116,56 0,93 9,41 1,76 0002
02 0090 Salsa crua                                    100,00 33,42 0,00 5,70 1,85 179,41 3,18 2,30 3,25 0002
02 0091 Seleta de legumes enlatada                    100,00 56,53 0,00 12,66 3,09 16,15 1,06 398,13 3,42 0002
02 0092 Serralha crua                                 100,00 30,39 0,00 4,94 3,51 126,02 1,26 19,34 2,67 0002
02 0093 Taioba crua                                   100,00 34,20 0,00 5,43 4,45 141,08 1,90 1,16 2,89 0002
02 0094 Tomate com semente cru                        100,00 15,33 0,00 3,13 1,17 6,94 0,23 1,02 1,09 0002
02 0095 Extrato de tomate                             100,00 60,93 0,00 14,95 2,80 29,07 2,09 497,93 2,43 0002
02 0096 Molho de tomate industrializado               100,00 38,44 0,00 7,71 3,11 11,72 1,57 418,28 1,38 0002
02 0097 Purê de tomate                                100,00 27,93 0,00 6,84 1,02 13,24 1,25 103,93 1,36 0002
02 0098 Salada de tomate                              100,00 20,54 0,00 5,11 2,26 6,94 0,29 5,24 0,81 0002
02 0099 Vagem crua                                    100,00 24,89 0,00 5,34 2,38 41,10 0,43 0,00 1,78 0002
02 0100 Abacate cru                                   100,00 96,15 0,00 6,03 6,31 7,91 0,20 0,00 1,23 0003
02 0101 Abacaxi cru                                   100,00 48,32 0,00 12,33 0,98 22,43 0,25 0,00 0,85 0003
02 0102 Polpa de abacaxi congelada                    100,00 30,59 0,00 7,78 0,32 13,53 0,35 1,23 0,46 0003
02 0103 Abiu                                          100,00 62,42 0,00 14,92 1,69 5,78 0,15 0,00 0,83 0003
02 0104 Polpa de açai com xapore de guaraná e glucose 100,00 110,29 0,00 21,45 1,72 22,15 0,26 15,09 0,72 0003
02 0105 Polpa de açãi congelada                       100,00 58,04 0,00 6,20 2,55 35,18 0,43 0,43 0,79 0003
02 0106 Acerola crua                                  100,00 33,46 0,00 7,96 1,51 12,55 0,22 0,00 0,90 0003
02 0107 Polpa de acerola congelada                    100,00 21,93 0,00 5,54 0,70 7,59 0,16 1,28 0,59 0003
02 0108 Ameixa em caldas enlatada                     100,00 182,84 0,00 46,82 0,51 13,15 2,15 2,70 0,40 0003
02 0109 Ameixa crua                                   100,00 52,54 0,00 13,85 2,43 5,72 0,10 0,00 0,77 0003
02 0110 Ameixa em caldas drenada enlatada             100,00 177,35 0,00 47,65 4,54 39,23 2,69 2,79 1,02 0003
02 0111 Atemóia crua                                  100,00 96,97 0,00 25,33 2,13 22,76 0,16 0,78 0,97 0003
02 0112 Banana da terra crua                          100,00 128,02 0,00 33,66 1,52 4,15 0,29 0,00 1,43 0003
02 0113 Doce de banana em barra                       100,00 280,10 0,00 75,66 3,83 11,95 0,61 9,88 2,16 0003
02 0114 Banana figo crua                              100,00 105,08 0,00 27,80 2,80 6,35 0,19 0,00 1,13 0003
02 0115 Banana maçã                                   100,00 86,80 0,00 22,33 2,59 3,22 0,20 0,00 1,75 0003
02 0116 Banana nanica                                 100,00 91,52 0,00 23,84 1,94 3,41 0,34 0,00 1,39 0003
02 0117 Banana ouro                                   100,00 112,36 0,00 29,34 1,95 3,18 0,33 0,00 1,48 0003
02 0118 Banana pacova                                 100,00 77,90 0,00 20,31 2,03 5,49 0,37 0,93 1,22 0003
02 0119 Banana prata                                  100,00 98,24 0,00 25,95 2,04 7,56 0,38 0,00 1,26 0003
02 0120 Cacau cru                                     100,00 74,29 0,00 19,41 2,18 12,10 0,25 0,70 0,95 0003
02 0224 Cajá-manga                                    100,00 45,58 0,00 11,43 2,57 12,74 0,15 1,43 1,27 0003
02 0225 Polpa de cajá congelada                       100,00 26,32 0,00 6,37 1,36 9,16 0,32 6,94 0,58 0003
02 0226 Caju cru                                      100,00 43,06 0,00 10,28 1,68 1,41 0,15 2,96 0,97 0003
02 0227 Polpa de caju congelada                       100,00 36,56 0,00 9,35 0,81 0,83 0,14 4,16 0,48 0003
02 0228 Suco de caju concentrado envasado             100,00 45,10 0,00 10,73 0,62 0,97 0,14 45,04 0,40 0003
02 0229 Caqui chocolate                               100,00 71,35 0,00 19,32 6,51 17,84 0,09 2,18 0,35 0003
02 0230 Carambola                                     100,00 45,74 0,00 11,48 2,03 4,78 0,19 4,09 0,87 0003
02 0231 Ciriguela                                     100,00 75,59 0,00 18,85 3,90 27,41 0,35 1,68 1,39 0003
02 0232 Cupuaçu                                       100,00 49,42 0,00 10,43 3,11 13,12 0,48 3,19 1,16 0003
02 0233 Polpa de cupuaçu congelada                    100,00 48,79 0,00 11,38 1,59 5,49 0,25 0,68 0,84 0003
02 0234 Figo                                          100,00 41,44 0,00 10,24 1,79 27,39 0,20 0,00 0,96 0003
02 0235 Figo em caldas enlatado                       100,00 184,36 0,00 50,33 1,97 32,61 0,50 6,87 0,56 0003
02 0236 Fruta-pão                                     100,00 67,04 0,00 17,17 5,54 33,67 0,23 0,79 1,08 0003
02 0237 Goiaba branca com casca                       100,00 51,73 0,00 12,40 6,33 5,00 0,17 0,00 0,89 0003
02 0238 Doce de goiaba em pasta                       100,00 268,95 0,00 74,12 3,73 10,06 0,40 3,70 0,57 0003
02 0239 Doce de goiaba cascão                         100,00 285,58 0,00 78,70 4,36 14,69 0,40 11,02 0,41 0003
02 0240 Goiaba vermelha com casca                     100,00 54,16 0,00 13,00 6,22 4,45 0,17 0,00 1,08 0003
02 0241 Graviola                                      100,00 61,62 0,00 15,83 1,90 40,11 0,16 4,16 0,84 0003
02 0242 Polpa de graviola congelada                   100,00 38,27 0,00 9,78 1,18 5,97 0,10 3,04 0,56 0003
02 0243 Jabuticaba                                    100,00 58,05 0,00 15,25 2,29 8,34 0,09 0,00 0,61 0003
02 0244 Jaca                                          100,00 87,92 0,00 22,49 2,38 11,24 0,38 1,80 1,40 0003
02 0245 Jambo                                         100,00 26,91 0,00 6,49 5,07 13,80 0,13 21,65 0,88 0003
02 0246 Jamelão                                       100,00 41,00 0,00 10,62 1,77 3,09 0,04 1,36 0,54 0003
02 0247 Kiwi                                          100,00 51,13 0,00 11,49 2,65 23,91 0,25 0,00 1,33 0003
02 0248 Laranja-baía                                  100,00 45,43 0,00 11,46 1,12 35,40 0,13 0,00 0,97 0003
02 0249 Suco de laranja baía                          100,00 36,64 0,00 8,69 0,00 5,92 0,06 0,00 0,65 0003
02 0250 Laranja da terra                              100,00 51,47 0,00 12,86 3,97 51,08 0,14 0,83 1,07 0003
02 0251 Suco de laranja da terra                      100,00 40,95 0,00 9,57 1,03 13,38 0,08 0,00 0,66 0003
02 0252 Laranja lima                                  100,00 49,70 0,00 11,53 1,78 31,46 0,12 1,11 1,05 0003
02 0253 Suco de laranja lima                          100,00 39,33 0,00 9,16 0,42 7,73 0,00 0,00 0,71 0003
02 0254 Laranja pêra                                  100,00 36,77 0,00 8,94 0,76 21,88 0,09 0,00 1,04 0003
02 0255 Suco de laranja pêra                          100,00 32,70 0,00 7,55 0,00 7,36 0,00 0,00 0,73 0003
02 0256 Laranja valência                              100,00 46,10 0,00 11,72 1,72 33,73 0,09 0,62 0,76 0003
02 0257 Suco de laranja valência                      100,00 36,19 0,00 8,55 0,42 9,07 0,00 0,00 0,48 0003
02 0258 Suco de limão cravo                           100,00 14,10 0,00 5,24 0,00 10,18 0,07 0,00 0,32 0003
02 0259 Suco de limão galego                          100,00 22,22 0,00 7,32 0,00 5,26 0,05 0,00 0,56 0003
02 0260 Limão tahiti                                  100,00 31,81 0,00 11,08 1,18 50,98 0,17 1,24 0,93 0003
02 0261 Maçã argentina com casca                      100,00 62,53 0,00 16,58 2,02 3,39 0,05 1,31 0,22 0003
02 0262 Maçã fuji com casca                           100,00 55,51 0,00 15,15 1,34 1,92 0,09 0,00 0,28 0003
02 0263 Macaúba                                       100,00 404,28 0,00 13,94 13,44 66,53 0,80 0,65 2,08 0003
02 0264 Doce de mamão em caldas drenado               100,00 195,62 0,00 54,00 1,31 20,01 0,10 2,91 0,19 0003
02 0265 Mamão formosa                                 100,00 45,34 0,00 11,55 1,81 24,87 0,23 3,25 0,81 0003
02 0266 Mamão papaia                                  100,00 40,15 0,00 10,43 1,04 22,41 0,19 1,63 0,45 0003
02 0267 Doce de mamão verde em caldas drenado         100,00 209,37 0,00 57,63 1,23 12,43 0,15 4,74 0,31 0003
02 0268 Manga haden                                   100,00 63,50 0,00 16,66 1,58 11,65 0,09 0,55 0,40 0003
02 0269 Manga palmer                                  100,00 77,49 0,00 19,35 1,63 11,63 0,09 1,86 0,41 0003
02 0270 Polpa de manga congelada                      100,00 48,30 0,00 12,51 1,07 7,12 0,08 6,73 0,38 0003
02 0271 Manga tommy atkins                            100,00 50,69 0,00 12,77 2,06 7,63 0,08 0,00 0,85 0003
02 0272 Maracujá                                      100,00 68,43 0,00 12,26 1,13 5,39 0,56 1,58 1,98 0003
02 0273 Polpa de maracujá congelada                   100,00 38,75 0,00 9,59 0,50 4,60 0,29 8,09 0,81 0003
02 0274 Suco de maracujá concentrado envasado         100,00 41,96 0,00 9,63 0,35 4,15 0,34 21,69 0,76 0003
02 0275 Melancia                                      100,00 32,60 0,00 8,13 0,12 7,72 0,22 0,00 0,88 0003
02 0276 Melão                                         100,00 29,36 0,00 7,52 0,25 2,85 0,23 11,16 0,67 0003
02 0277 Mexerica murcote                              100,00 57,59 0,00 14,82 3,07 33,07 0,06 1,16 0,88 0003
02 0278 Mexerica rio                                  100,00 36,87 0,00 9,33 2,73 17,18 0,08 1,82 0,65 0003
02 0279 Morango                                       100,00 30,14 0,00 6,81 1,72 10,90 0,32 0,00 0,89 0003
02 0280 Nêspera                                       100,00 42,53 0,00 11,52 2,95 19,68 0,14 0,00 0,30 0003
02 0281 Pequi                                         100,00 204,96 0,00 12,97 19,04 32,44 0,27 0,00 2,33 0003
02 0282 Pêra park                                     100,00 60,58 0,00 16,07 2,98 8,71 0,32 0,98 0,23 0003
02 0283 Pêra williams                                 100,00 53,30 0,00 14,02 3,01 8,27 0,09 0,00 0,56 0003
02 0284 Pêssego aurora                                100,00 36,32 0,00 9,32 1,42 3,23 0,22 0,00 0,82 0003
02 0285 Pêssego em caldas enlatado                    100,00 63,14 0,00 16,88 1,01 4,09 0,60 3,20 0,70 0003
02 0286 Pinha                                         100,00 88,47 0,00 22,44 3,35 20,88 0,21 1,33 1,48 0003
02 0287 Pitanga                                       100,00 41,41 0,00 10,24 3,23 17,87 0,39 1,70 0,92 0003
02 0288 Polpa de pitanga congelada                    100,00 19,10 0,00 4,75 0,73 7,79 0,37 5,02 0,28 0003
02 0289 Romã                                          100,00 55,73 0,00 15,10 0,43 4,75 0,25 0,59 0,40 0003
02 0290 Tamarindo                                     100,00 275,69 0,00 72,53 6,44 37,10 0,55 0,35 3,20 0003
02 0291 Tangerina poncã                               100,00 37,83 0,00 9,60 0,94 12,89 0,11 0,00 0,84 0003
02 0292 Suco de tangerina poncã                       100,00 36,10 0,00 8,80 0,00 4,20 0,00 0,00 0,52 0003
02 0293 Tucumã                                        100,00 262,01 0,00 26,47 12,65 46,33 0,56 3,89 2,09 0003
02 0294 Umbu                                          100,00 37,01 0,00 9,39 1,98 11,56 0,09 0,00 0,84 0003
02 0295 Polpa de umbu congelada                       100,00 33,94 0,00 8,78 1,33 10,71 0,20 5,77 0,51 0003
02 0296 Uva itália                                    100,00 52,87 0,00 13,57 0,92 6,66 0,14 0,00 0,74 0003
02 0297 Uva rubi                                      100,00 49,06 0,00 12,69 0,93 7,61 0,17 7,91 0,60 0003
02 0298 Suco de uva concentrado envasado              100,00 57,65 0,00 14,70 0,23 9,31 0,12 9,58 0,00 0003
02 0299 Azeite de dendê                               100,00 884,00 0,00 0,00 0,00 0,00 0,00 0,00 0,00 0004
02 0300 Azeite de oliva extra virgem                  100,00 884,00 0,00 0,00 0,00 0,00 0,00 0,00 0,00 0004
02 0301 Manteiga com sal                              100,00 725,96 200,55 0,06 0,00 9,42 0,15 578,69 0,41 0004
02 0302 Manteiga sem sal                              100,00 757,54 213,95 0,00 0,00 3,60 0,00 3,84 0,39 0004
02 0303 Margarina com óleo hidrogenado com sal        100,00 596,11 0,00 0,00 0,00 5,55 0,08 894,03 0,00 0004
02 0304 Margarina com óleo hidrogenado sem sal        100,00 722,52 0,00 0,00 0,00 2,59 0,05 77,89 0,00 0004
02 0305 Margarina com óleo interesterificado com sal  100,00 594,45 0,00 0,00 0,00 4,54 0,00 560,79 0,00 0004
02 0306 Margina com óleo interesterificado sem sal    100,00 593,13 0,00 0,00 0,00 4,96 0,07 33,19 0,00 0004
02 0307 Óleo de babaçu                                100,00 884,00 0,00 0,00 0,00 0,00 0,00 0,00 0,00 0004
02 0346 Óleo de canola                                100,00 884,00 0,00 0,00 0,00 0,00 0,00 0,00 0,00 0004
02 0347 Óleo de girassol                              100,00 884,00 0,00 0,00 0,00 0,00 0,00 0,00 0,00 0004
02 0348 Óleo de milho                                 100,00 884,00 0,00 0,00 0,00 0,00 0,00 0,00 0,00 0004
02 0349 Óleo de pequi                                 100,00 884,00 0,00 0,00 0,00 0,00 0,00 0,00 0,00 0004
02 0350 Óleo de soja                                  100,00 884,00 0,00 0,00 0,00 0,00 0,00 0,00 0,00 0004
02 0379 Filé de abadejo assado                        100,00 111,61 102,79 0,00 0,00 22,60 0,52 334,39 23,52 0005
02 0380 Filé de abadejo cozido                        100,00 91,10 86,86 0,00 0,00 16,73 0,32 189,33 19,34 0005
02 0381 Filé de abadejo cru                           100,00 59,11 31,40 0,00 0,00 10,17 0,10 78,51 13,08 0005
02 0382 Filé de abadejo grelhado                      100,00 129,64 135,85 0,00 0,00 20,17 0,32 305,09 27,61 0005
02 0383 Atum em conversa em óleo                      100,00 165,91 52,93 0,00 0,00 6,51 1,22 362,14 26,18 0005
02 0384 Atum fresco cru                               100,00 117,50 47,80 0,00 0,00 6,69 1,27 30,30 25,68 0005
02 0385 Bacalhau salgado cru                          100,00 135,89 138,88 0,00 0,00 156,96 0,85 13585,05 29,03 0005
02 0386 Bacalhau salgado refogado                     100,00 139,66 111,96 1,22 0,00 59,12 0,15 1256,27 23,97 0005
02 0387 Cação em postas com farinha de trigo frito    100,00 208,33 74,90 3,10 0,53 30,44 0,99 160,03 24,95 0005
02 0388 Cação em postas cozido                        100,00 116,01 83,25 0,00 0,00 10,32 0,31 114,90 25,58 0005
02 0393 Cação em postas cru                           100,00 83,33 36,12 0,00 0,00 8,70 0,20 176,02 17,85 0005
02 0394 Camarão rio grande cozido                     100,00 90,01 204,85 0,00 0,00 89,74 1,27 366,55 18,96 0005
02 0395 Camarão rio grande cru                        100,00 47,18 123,98 0,00 0,00 51,11 0,66 201,12 9,91 0005
02 0397 Camarão sete barbas frito                     100,00 231,24 283,13 2,87 0,00 959,70 2,43 99,05 18,38 0005
02 0398 Caranguejo cozido                             100,00 82,72 84,60 0,00 0,00 357,15 2,86 360,10 18,47 0005
02 0399 Corimba cru                                   100,00 128,15 40,23 0,00 0,00 40,05 0,50 47,01 17,36 0005
02 0400 Corimbatá assado                              100,00 261,45 80,09 0,00 0,00 22,30 0,97 40,42 19,89 0005
02 0401 Corimbatá cozido                              100,00 238,69 74,61 0,00 0,00 64,68 0,62 37,16 20,13 0005
02 0402 Corvina de água doce crua                     100,00 101,00 73,11 0,00 0,00 39,43 0,25 45,09 18,91 0005
02 0403 Corvina do mar crua                           100,00 94,00 67,07 0,00 0,00 0,00 0,37 67,97 18,57 0005
02 0404 Corvina grande assada                         100,00 146,52 117,05 0,00 0,00 60,22 0,53 85,35 26,76 0005
02 0405 Corvina grande cozida                         100,00 100,07 122,55 0,00 0,00 69,37 0,57 68,39 23,43 0005
02 0406 Dourado de água doce                          100,00 131,20 51,98 0,00 0,00 12,13 0,15 40,29 18,81 0005
02 0407 Lambari congelado cru                         100,00 130,84 158,66 0,00 0,00 1181,27 0,90 47,92 16,81 0005
02 0408 Lambari congelado frito                       100,00 326,86 246,32 0,00 0,00 1881,03 0,81 64,55 28,43 0005
02 0409 Lambari fresco cru                            100,00 151,59 144,25 0,00 0,00 590,72 0,63 41,10 15,65 0005
02 0410 Manjuba com farinha de trigo frita            100,00 343,55 281,75 10,24 0,36 763,30 3,04 36,52 23,45 0005
02 0411 Manjuba frita                                 100,00 349,32 270,34 0,00 0,00 575,02 0,91 40,61 30,13 0005
02 0412 Filé de Merluza Assado                        100,00 121,90 90,90 0,00 0,00 35,90 0,30 119,90 26,60 0005
02 0413 Filé de Pescada cru                           100,00 89,10 57,18 0,00 0,00 20,40 0,10 79,50 16,60 0005
02 0414 Filé de Pescada frito                         100,00 30,90 109,10 7,20 1,90 43,60 0,51 2,30 26,90 0005
02 0415 Filé de Pescada ao Molho escabeche            100,00 191,60 0,00 0,00 0,00 35,60 0,00 89,90 1,90 0005
02 0416 Pescadinha crua                               100,00 76,40 83,60 0,00 0,00 331,50 0,50 120,30 15,40 0005
02 0417 Pintado Assado                                100,00 191,50 125,90 0,00 0,00 113,50 0,70 80,90 36,40 0005
02 0418 Pintado cru                                   100,00 91,00 50,30 0,00 0,00 12,00 0,20 43,30 18,50 0005
02 0419 Porquinho cru                                 100,00 93,00 48,60 0,00 0,00 25,80 0,30 66,70 20,40 0005
02 0420 Filé de Salmão Grelhado                       100,00 228,70 85,30 0,00 0,00 28,70 0,50 85,10 23,90 0005
02 0421 Filé de Salmão cru                            100,00 169,70 53,00 0,00 0,00 8,70 0,24 64,20 19,20 0005
02 0422 Sardinha Assada                               100,00 164,30 108,90 0,00 0,00 437,70 1,20 74,40 32,10 0005
02 0423 Sardinha Enlatada                             100,00 284,90 72,50 0,00 0,00 550,20 0,00 665,80 15,90 0005
02 0424 Sardinha frita                                100,00 257,00 102,80 0,00 0,00 482,00 1,10 60,00 33,30 0005
02 0425 Sardinha cru                                  100,00 113,90 60,50 0,00 0,00 167,30 1,30 60,30 21,00 0005
02 0426 Apresuntado                                   100,00 128,80 37,60 2,80 0,00 22,50 0,80 942,90 13,40 0006
02 0427 Tablete de caldo de carne                     100,00 240,60 0,00 15,00 0,50 129,00 0,00 22179,60 7,82 0006
02 0428 Tablete de caldo de galinha                   100,00 251,40 2,10 10,60 11,80 16,30 0,68 22299,90 6,20 0006
02 0429 Carne bovina cozida                           100,00 212,40 103,10 0,00 0,00 4,00 2,60 52,30 26,60 0006
02 0430 Carne bovina cru                              100,00 136,50 57,90 0,00 0,00 43,60 1,70 48,60 19,40 0006
02 0431 Carne bovina frita                            100,00 271,80 36,30 14,20 0,00 26,70 1,90 1030,20 18,10 0006
02 0432 Almôndega                                     100,00 271,80 36,30 14,20 0,00 26,70 1,90 1030,20 18,10 0006
02 0433 Carne Contra-Filé cru                         100,00 216,90 62,80 0,00 0,00 5,86 1,51 57,50 19,10 0006
02 0434 Carne Contra-Filé Assado                      100,00 311,70 120,40 0,00 0,00 7,20 0,00 80,50 30,60 0006
02 0435 Carne Contra-Filé à Milanesa                  100,00 351,50 99,30 12,10 0,37 14,60 2,80 77,00 20,60 0006
02 0436 Carne Contra-filé de costela cru              100,00 202,40 52,31 0,00 0,00 3,16 1,50 38,50 19,80 0006
02 0437 Carne Contra-filé de costela Assado           100,00 274,90 97,80 0,00 0,00 4,20 2,70 50,80 29,80 0006
02 0438 Carne Coxão duro Cozido                       100,00 216,60 71,10 0,00 0,00 3,98 1,70 41,10 31,80 0006
02 0439 Carne Coxão duro cru                          100,00 147,90 59,90 0,00 0,00 2,90 0,00 48,50 21,50 0006
02 0440 Carne Coxão mole Cozido                       100,00 218,60 84,10 0,00 0,00 3,70 0,51 43,50 32,30 0006
02 0441 Carne Coxão mole cru                          100,00 169,00 83,80 0,00 0,00 2,90 1,80 60,50 21,20 0006
02 0442 Carne cupim Assado                            100,00 330,10 90,80 0,00 0,00 7,60 2,70 71,50 28,60 0006
02 0443 Carne Cupim cru                               100,00 221,30 50,90 0,00 0,00 3,50 1,10 46,80 19,50 0006
02 0444 Carne fígado cru                              100,00 141,00 392,80 1,10 0,00 4,10 5,60 75,90 20,70 0006
02 0445 Carne fígado frito                            100,00 225,00 601,40 4,20 0,00 5,56 5,70 82,10 29,80 0006
02 0446 Carne Filé Mignon cru                         100,00 142,80 54,70 0,00 0,00 2,90 1,90 48,80 21,60 0006
02 0447 Carne Filé Mignon grelhada                    100,00 219,70 102,80 7,20 1,90 4,30 2,80 57,90 32,80 0006
02 0448 Carne Fraldinha cozida                        100,00 338,40 64,80 0,00 0,00 3,20 2,00 38,70 24,20 0006
02 0449 Carne Fraldinha cru                           100,00 220,70 54,30 0,00 0,00 3,10 1,50 51,20 17,50 0006
02 0450 Carne Lagarto cozida                          100,00 222,40 55,70 0,00 0,00 3,50 1,80 47,50 32,80 0006
02 0451 Carne Lagarto cru                             100,00 134,80 55,70 0,00 0,00 2,50 1,30 53,50 20,50 0006
02 0452 Carne Língua cozida                           100,00 59,00 105,00 0,00 0,00 5,90 2,00 59,00 21,30 0006
02 0453 Carne Língua cru                              100,00 215,20 117,80 0,00 0,00 5,00 1,70 73,00 17,00 0006
02 0454 Carne Maminha cru                             100,00 152,70 50,80 0,00 0,00 2,80 1,10 37,40 20,90 0006
02 0455 Carne Maminha Grelhada                        100,00 153,00 87,70 0,00 0,00 4,10 2,40 58,10 30,70 0006
02 0456 Carne miolo de Alcatra cru                    100,00 162,80 60,30 0,00 0,00 3,10 1,90 43,00 21,60 0006
02 0457 Carne miolo de Alcatra grelhado               100,00 241,30 92,20 0,00 0,00 4,50 3,10 51,60 31,90 0006
02 0458 Carne Músculo cozido                          100,00 193,80 56,10 0,00 0,00 4,90 2,30 61,70 31,20 0006
02 0459 Carne Músculo cru                             100,00 141,50 50,90 0,00 0,00 3,60 1,80 66,00 21,50 0006
02 0460 Carne Paleta cru                              100,00 158,70 58,20 0,00 0,00 4,30 1,70 64,90 21,40 0006
02 0461 Carne Paleta cozida                           100,00 193,60 55,60 0,00 0,00 5,60 2,10 57,60 29,70 0006
02 0462 Carne Patinho cru                             100,00 133,40 55,60 0,00 0,00 3,20 1,70 49,10 21,70 0006
02 0463 Carne Patinho cozido                          100,00 219,20 125,60 0,00 0,00 4,70 3,00 60,20 35,90 0006
02 0464 Carne Picanha cru                             100,00 212,80 59,50 0,00 0,00 2,40 1,70 37,60 18,80 0006
02 0465 Carne Picanha grelhada                        100,00 288,70 91,70 0,00 0,00 4,00 3,20 60,00 26,40 0006
02 0466 Carne Seca cozida                             100,00 312,70 100,10 0,00 0,00 12,70 1,80 1943,10 26,90 0006
02 0467 Carne Seca cru                                100,00 312,70 91,50 0,00 0,00 14,10 1,30 4439,50 19,60 0006
02 0468 Coxinha de frango frita                       100,00 283,00 14,80 34,50 4,90 18,30 1,20 532,10 9,60 0006
02 0469 Croquete de carne                             100,00 245,70 29,80 13,90 0,00 15,40 2,50 710,60 12,00 0006
02 0470 Empada de frango Assada                       100,00 358,10 22,70 47,40 2,10 15,60 1,10 524,90 6,90 0006
02 0471 Asa de Frango                                 100,00 213,10 113,40 0,00 0,00 10,90 0,50 96,30 18,10 0006
02 0472 Frango Caipira cozido                         100,00 195,70 105,50 0,00 0,00 66,10 2,10 53,20 29,50 0006
02 0473 Coração de frango                             100,00 221,50 159,20 0,00 0,00 5,50 4,00 95,00 12,50 0006
02 0474 Coxa de frango                                100,00 215,10 145,40 0,00 0,00 8,30 1,20 94,80 28,40 0006
02 0475 Fígado de frango                              100,00 106,40 340,50 0,00 0,00 5,60 9,50 82,40 17,50 0006
02 0476 Filé de frango à milanesa                     100,00 220,80 84,30 7,50 1,10 8,90 1,00 122,30 28,40 0006
02 0477 Frango Assado                                 100,00 187,30 110,90 0,00 0,00 9,00 0,50 70,20 28,00 0006
02 0478 Peito de Frango                               100,00 211,60 109,00 0,00 0,00 8,20 0,40 55,70 33,40 0006
02 0479 Frango sobrecoxa                              100,00 259,60 158,20 0,00 0,00 10,60 1,20 95,90 28,70 0006
02 0480 Hambúrguer bovino                             100,00 214,80 70,00 4,10 0,00 34,00 1,80 869,40 13,10 0006
02 0481 Linguiça de frango                            100,00 218,10 64,10 0,00 0,00 10,80 0,40 1125,80 14,20 0006
02 0482 Linguiça de porco                             100,00 279,50 74,70 0,00 0,00 8,40 0,80 1431,50 20,40 0006
02 0483 Mortadela                                     100,00 268,80 82,70 5,80 0,00 66,50 1,40 1212,10 11,90 0006
02 0484 Peru Assado                                   100,00 163,00 91,20 0,00 0,00 13,80 0,50 627,80 26,20 0006
02 0485 Bisteca de porco                              100,00 164,10 56,30 0,00 0,00 6,10 0,50 54,20 21,50 0006
02 0486 Costela de porco                              100,00 402,10 112,80 0,00 0,00 16,70 1,00 62,60 30,20 0006
02 0487 Lombo de porco                                100,00 210,20 103,00 0,00 0,00 19,50 0,40 38,90 35,70 0006
02 0488 Pernil Assado                                 100,00 262,20 109,70 0,00 0,00 17,50 1,20 62,40 32,10 0006
02 0489 Presunto                                      100,00 186,00 58,60 0,00 0,00 12,90 0,80 101,80 20,10 0006
02 0490 Quibe                                         100,00 136,20 33,70 12,80 1,80 15,60 2,10 39,80 14,50 0006
02 0491 Salame                                        100,00 397,80 85,00 2,90 0,00 87,00 1,20 1574,10 25,80 0006
02 0492 Toucnho frito                                 100,00 696,50 89,40 0,00 0,00 9,40 0,80 124,80 27,20 0006
02 0493 Bebida láctea                                 100,00 55,10 5,30 7,50 0,20 88,60 0,00 46,20 2,10 0007
02 0494 Creme de Leite                                100,00 221,40 66,40 4,50 0,00 82,70 0,00 0,00 1,50 0007
02 0495 Iogurte Natural                               100,00 51,40 13,70 1,90 0,00 143,10 0,00 51,60 4,00 0007
02 0496 Iogurte Natural Desnatado                     100,00 41,40 3,30 5,70 0,00 156,90 0,00 0,00 3,80 0007
02 0497 Iogurte de abacaxi                            100,00 336,76 5,63 11,55 0,00 100,10 0,00 100,00 8,55 0007
02 0498 Iogurte de morango                            100,00 69,56 7,49 9,69 0,21 101,03 0,00 37,66 2,71 0007
02 0499 Iogurte de pêssego                            100,00 67,84 8,44 9,43 0,71 95,05 0,05 37,66 2,53 0007
02 0500 Leite condensado                              100,00 312,57 27,63 56,99 0,00 246,26 0,12 93,80 7,67 0007
02 0501 Leite de cabra                                100,00 66,41 13,99 5,24 0,00 112,24 0,10 73,94 3,07 0007
02 0502 Achocolatado                                  100,00 82,82 6,08 14,15 0,64 69,79 0,45 71,74 2,09 0007
02 0503 Leite desnatado em pó                         100,00 361,60 24,78 53,04 0,00 1363,17 0,92 431,67 34,69 0007
02 0504 Leite desnatado                               100,00 40,66 3,75 4,99 0,00 133,80 1,11 51,14 5,55 0007
02 0505 Leite integral                                100,00 117,25 10,49 10,00 0,00 122,58 1,00 63,76 5,84 0007
02 0506 Leite integral em pó                          100,00 496,65 85,25 39,18 0,00 890,27 0,52 323,20 25,42 0007
02 0507 yakult                                        100,00 69,62 1,85 15,67 0,00 71,52 0,52 33,43 1,89 0007
02 0508 Queijo frescal                                100,00 264,27 61,99 3,24 0,00 579,25 0,93 31,22 17,41 0007
02 0509 Queijo meia cura                              100,00 320,72 76,29 3,57 0,00 695,91 0,21 501,16 21,21 0007
02 0510 Queijo mozarela                               100,00 329,87 79,57 3,04 0,00 875,03 0,30 581,35 22,64 0007
02 0511 Queijo parmesão                               100,00 452,96 105,84 1,66 0,00 991,96 0,53 1844,08 35,55 0007
02 0512 Queijo pasteurizado                           100,00 303,07 82,15 5,67 0,00 323,29 0,26 780,42 9,35 0007
02 0513 Danoninho                                     100,00 121,10 12,06 18,46 0,00 730,93 0,14 412,46 5,78 0007
02 0514 Queijo prato                                  100,00 359,88 90,90 1,87 0,00 939,99 0,28 579,77 22,66 0007
02 0515 Maria mole                                    100,00 256,57 73,66 2,43 0,00 259,40 0,11 557,92 9,62 0007
02 0516 Queijo ricota                                 100,00 139,73 48,70 3,78 0,00 253,23 0,13 282,57 12,60 0007
02 0517 Bebida isotônica                              100,00 25,61 0,00 6,40 0,00 1,23 0,67 44,08 0,00 0008
02 0518 Café                                          100,00 9,07 0,00 1,47 0,00 3,15 0,00 1,02 0,71 0008
02 0519 Cachaça                                       100,00 215,66 0,00 0,00 0,00 0,00 0,00 3,14 0,00 0008
02 0520 Caldo de cana                                 100,00 65,34 0,00 0,00 18,10 0,13 9,08 0,75 0,00 0008
02 0521 Cerveja pilsen                                100,00 40,72 0,00 3,31 0,00 4,98 0,00 4,23 0,56 0008
02 0522 Chá de erva-doce                              100,00 1,39 0,00 0,39 0,00 1,93 0,00 0,62 0,00 0008
02 0523 Chá mate                                      100,00 2,73 0,00 0,00 0,64 0,00 0,64 0,00 0,00 0008
02 0524 Chá preto                                     100,00 2,24 0,00 0,62 0,00 0,25 0,00 0,00 0,00 0008
02 0525 Água de coco                                  100,00 21,50 0,00 5,28 0,13 18,83 0,00 1,78 0,00 0008
02 0526 Água tônica                                   100,00 30,77 0,00 7,95 0,00 1,07 0,00 8,29 0,00 0008
02 0527 Refrigerante Coca-Cola                        100,00 33,51 0,00 8,66 0,00 1,37 0,00 7,11 0,00 0008
02 0528 Refrigerante Guaraná                          100,00 38,70 0,00 10,00 0,00 1,40 0,00 9,00 0,00 0008
02 0529 Refrigerante Fanta laranja                    100,00 45,62 0,00 11,79 0,00 2,34 0,00 9,27 0,00 0008
02 0530 Refrigerante Sprite                           100,00 39,71 0,00 10,26 0,00 1,75 0,00 8,80 0,00 0008
02 0531 Omelete com queijo                            100,00 268,00 383,82 0,43 0,00 165,72 1,36 216,05 15,57 0009
02 0532 Ovo de codorna cru                            100,00 176,89 568,00 0,77 0,00 78,72 3,34 128,98 13,68 0009
02 0533 Ovo Cozido                                    100,00 145,70 396,57 0,61 0,00 49,21 1,51 145,90 13,44 0009
02 0534 Ovo Cru                                       100,00 143,11 355,94 1,63 0,00 42,02 1,56 167,91 13,03 0009
02 0535 Ovo frito                                     100,00 240,18 516,26 1,19 0,00 72,88 2,09 166,11 15,61 0009
02 0536 Achocolatado em pó                            100,00 401,02 10,89 91,17 3,89 44,40 5,36 64,78 4,20 0010
02 0537 Açúcar cristal                                100,00 386,84 0,00 99,61 0,00 7,58 0,16 0,00 0,32 0010
02 0538 Açúcar mascavo                                100,00 368,55 0,00 94,45 0,00 126,52 8,30 25,20 0,75 0010
02 0539 Açúcar refinado                               100,00 386,57 0,00 99,54 0,00 3,50 0,10 12,16 0,32 0010
02 0540 Chocolate ao leite                            100,00 539,58 16,51 60,00 59,57 2,17 191,19 1,57 7,22 0010
02 0541 Chocolate ao leite com castanha do Pará       100,00 558,87 15,50 55,37 2,45 171,23 1,47 64,05 7,41 0010
02 0542 Chocolate ao Leite Diet                       100,00 556,82 12,96 56,32 2,84 187,88 3,31 84,70 6,89 0010
02 0543 Chocolate meio amargo                         100,00 474,91 2,22 62,42 4,94 44,66 3,61 8,86 4,86 0010
02 0544 Cocada branca                                 100,00 448,84 0,00 81,38 3,56 7,05 1,24 28,99 1,12 0010
02 0545 Doce de abóbora cremoso                       100,00 198,93 0,00 54,61 2,28 12,98 0,85 0,00 0,91 0010
02 0546 Doce de leite                                 100,00 306,31 20,05 59,49 0,00 195,10 0,06 120,08 5,47 0010
02 0547 Doce de mocotó                                100,00 106,08 0,00 24,23 0,00 3,52 0,11 42,68 2,12 0010
02 0548 Xarope de milho                               100,00 292,11 0,00 79,38 0,00 5,66 0,05 58,92 0,00 0010
02 0549 Maria mole                                    100,00 301,23 0,00 73,55 0,66 13,35 0,39 15,30 3,81 0010
02 0550 Maria mole com coco queimado                  100,00 306,63 0,00 75,05 0,63 19,45 0,47 14,28 3,93 0010
02 0551 Marmelada                                     100,00 257,24 0,00 70,76 4,07 11,32 0,72 10,88 0,40 0010
02 0552 Mel                                           100,00 309,24 0,00 84,03 0,00 10,20 0,25 6,04 0,00 0010
02 0553 Melado                                        100,00 296,50 0,00 76,61 0,00 102,06 5,39 4,01 0,00 0010
02 0554 Quindim                                       100,00 411,34 271,01 46,29 3,22 37,17 1,38 27,36 4,73 0010
02 0555 Rapadura                                      100,00 351,95 0,00 90,79 0,00 30,48 4,44 21,71 0,98 0010
02 0556 Café em pó torrado                            100,00 418,61 0,00 65,75 51,22 106,89 8,13 1,13 14,77 0011
02 0557 Capuccino                                     100,00 417,40 28,90 73,61 2,44 466,59 2,27 382,28 11,31 0011
02 0558 Fermento químico                              100,00 89,72 0,47 0,00 43,91 0,00 0,00 10052,41 0,00 0011
02 0559 Fermento biológico                            100,00 89,79 0,00 7,69 4,16 18,00 2,61 39,61 16,95 0011
02 0560 Gelatina                                      100,00 380,22 0,00 89,22 0,00 26,83 0,33 234,92 8,88 0011
02 0561 Sal dietético                                 100,00 0,00 0,00 0,00 0,00 0,00 0,00 23431,52 0,00 0011
02 0562 Sal grosso                                    100,00 0,00 0,00 0,00 0,00 0,00 0,00 39943,20 0,00 0011
02 0563 Shoyu                                         100,00 60,92 0,00 11,64 0,00 14,52 0,49 5024,20 3,31 0011
02 0564 Tempero a base de sal                         100,00 21,33 0,00 2,07 0,55 0,00 0,00 32560,00 2,66 0011
02 0565 Azeitona preta conserva                       100,00 194,15 0,00 5,54 4,55 58,75 5,45 1566,66 1,16 0011
02 0566 Azeitona verde conserva                       100,00 136,93 0,00 4,10 3,84 45,63 0,17 1347,17 0,94 0011
02 0567 Chantilly                                     100,00 314,95 0,00 16,85 0,00 2,27 0,00 109,70 0,52 0012
02 0568 Leite de coco                                 100,00 166,16 0,00 2,19 0,68 5,85 0,45 44,29 1,01 0012
02 0569 Maionese                                      100,00 302,15 42,46 7,89 0,00 3,47 0,09 786,82 0,58 0012
02 0570 Acarajé                                       100,00 289,21 25,46 19,11 9,35 124,41 1,93 304,88 8,34 0013
02 0571 Arroz carreteiro                              100,00 153,77 36,08 11,58 1,50 13,25 0,95 1621,72 10,82 0013
02 0572 Baião de dois                                 100,00 135,68 4,10 20,41 5,06 33,29 0,56 93,29 6,23 0013
02 0573 Barreado                                      100,00 164,97 60,11 0,23 0,14 14,51 2,44 47,62 18,26 0013
02 0574 Bife à cavalo                                 100,00 291,22 256,63 0,00 0,00 25,97 2,10 82,87 23,66 0013
02 0575 Bolinho de arroz                              100,00 273,51 70,29 41,68 2,73 23,56 2,12 58,85 8,03 0013
02 0576 Camarão à baiana                              100,00 100,78 116,78 3,17 0,38 42,68 1,41 84,78 7,94 0013
02 0577 Charuto de repolho                            100,00 78,23 21,34 10,13 1,46 22,88 0,86 12,10 6,77 0013
02 0578 Cuscuz                                        100,00 113,45 0,00 25,28 2,05 1,54 0,17 247,66 2,15 0013
02 0579 cuscuz paulista                               100,00 235,70 2,55 15,04 22,51 2,43 14,16 0,33 0,00 0013
02 0580 Cuxá                                          100,00 80,09 58,38 5,73 3,01 105,48 0,94 1344,29 5,64 0013
02 0581 Dobradinha                                    100,00 124,50 144,01 0,00 0,00 11,33 1,01 28,77 19,77 0013
02 0582 Estrogonofe de carne                          100,00 173,14 0,00 66,21 2,97 28,31 2,69 122,84 15,03 0013
02 0583 Estrogonofe de frango                         100,00 156,80 0,00 79,95 2,59 26,04 1,52 99,45 17,55 0013
02 0584 Feijão tropeiro mineiro                       100,00 151,56 67,87 19,58 3,57 41,19 2,16 365,07 10,17 0013
02 0585 Feijoada                                      100,00 116,93 21,96 11,64 5,09 32,38 1,34 278,22 8,67 0013
0100411
