('Majuba frita', 100, 30.1, 270.3, 0.0, 0.0, 575.0, 0.9, 40.6, 349.3, 5),
('Filé de Merluza Assado', 100, 26.6, 90.9, 0.0, 0.0, 35.9, 0.3, 119.9, 121.9, 5),
('Filé de Pescada cru', 100, 16.6, 57.18, 0.0, 0.0, 20.4, 0.1, 79.5, 89.1, 5),
('Filé de Pescada frito', 100, 26.9, 109.1, 7.2, 1.9, 43.6, 0.51, 2.3, 30.90, 5),
('Filé de Pescada ao Molho escabeche', 100, 1.90, 0, 0.0, 0.0, 35.6, 0.0, 89.9, 191.6, 5),
('Pescadinha crua', 100, 15.4, 83.6, 0.0, 0.0, 331.5, 0.5, 120.3, 76.4, 5),
('Pintado Assado', 100, 36.4, 125.9, 0.0, 0.0, 113.5, 0.7, 80.9, 191.5, 5),
('Pintado cru', 100, 18.5, 50.3, 0.0, 0.0, 12.0, 0.2, 43.3, 91.0, 5),
('Porquinho cru', 100, 20.4, 48.6, 0.0, 0.0, 25.8, 0.3, 66.7, 93.0, 5),
('Filé de Salmão Grelhado', 100, 23.9, 85.3, 0.0, 0.0, 28.7, 0.5, 85.1, 228.7, 5),
('Filé de Salmão cru', 100, 19.2, 53.0, 0.0, 0.0, 8.7, 0.24, 64.2, 169.7, 5),
('Sardinha Assada', 100, 32.1, 108.9, 0.0, 0.0, 437.7, 1.2, 74.4, 164.3, 5),
('Sardinha Enlatada', 100, 15.9, 72.5, 0.0, 0.0, 550.2, 0.0, 665.8, 284.9, 5),
('Sardinha frita', 100, 33.3, 102.8, 0.0, 0.0, 482.0, 1.1, 60.0, 257.0, 5),
('Sardinha cru', 100, 21.0, 60.5, 0.0, 0.0, 167.3, 1.3, 60.3, 113.9, 5),
('Apresuntado', 100, 13.4, 37.6, 2.8, 0.0, 22.5, 0.8, 942.9, 128.8, 6),
('Tablete de caldo de carne', 100, 7.82, 0.0, 15.0, 0.5, 129.0, 0.0, 22179.6, 240.6, 6),
('Tablete de caldo de galinha', 100, 6.2, 2.1, 10.6, 11.8, 16.3, 0.68, 22299.9, 251.4, 6),
('Carne bovina cozida', 100, 26.6, 103.1, 0.0, 0.0, 4.0, 2.6, 52.3, 212.4, 6),
('Carne bovina cru', 100, 19.4, 57.9, 0.0, 0.0, 43.6, 1.7, 48.6, 136.5, 6),
('Carne bovina frita', 100, 18.1, 36.3, 14.2, 0.0, 26.7, 1.9, 1030.2, 271.8, 6),
('Almôndega', 100, 18.1, 36.3, 14.2, 0.0, 26.7, 1.9, 1030.2, 271.8, 6),
('Carne bovina Contra-Filé cru', 100, 19.1, 62.8, 0.0, 0.0, 5.86, 1.51, 57.5, 216.9, 6),
('Carne bovina Contra-Filé Assado', 100, 30.6, 120.4, 0.0, 0.0, 7.2, 0.0, 80.5, 311.7, 6),
('Carne bovina Contra-Filé à Milanesa', 100, 20.6, 99.3, 12.1, 0.37, 14.6, 2.8, 77.0, 351.5, 6),
('Carne bovina Contra-filé de costela cru', 100, 19.8, 52.31, 0.0, 0.0, 3.16, 1.5, 38.5, 202.4, 6),
('Carne bovina Contra-filé de costela Assado', 100, 29.8, 97.8, 0.0, 0.0, 4.2, 2.7, 50.8, 274.9, 6),
('Carne bovina Coxão duro Cozido', 100, 31.8, 71.1, 0.0, 0.0, 3.98, 1.7, 41.1, 216.6, 6),
('Carne bovina Coxão duro cru', 100,  21.5, 59.9, 0.0, 0.0, 2.9, 0.0, 48.5, 147.9, 6),
('Carne bovina Coxão mole Cozido', 100, 32.3, 84.1, 0.0, 0.0, 3.7, 0.51, 43.5, 218.6, 6),
('Carne bovina Coxão mole cru', 100, 21.2, 83.8, 0.0, 0.0, 2.9, 1.8, 60.5, 169.0, 6),
('Carne bovina cupim Assado', 100, 28.6, 90.8, 0.0, 0.0, 7.6, 2.7, 71.5, 330.1, 6),
('Carne bovina Cupim cru', 100, 19.5, 50.9, 0.0, 0.0, 3,5, 1.1, 46,8, 221.3, 6),
('Carne bovina fígado cru', 100, 20.7, 392.8, 1.1, 0.0, 4.1, 5.6, 75.9, 141.0, 6),
('Carne bovina fígado frito', 100, 29.8, 601.4, 4.2, 0.0, 5.56, 5.7, 82.1, 225.0, 6),
('Carne bovina Filé Mingnon cru', 100, 21.6, 54.7, 0.0, 0.0, 2.9, 1.9, 48.8, 142.8, 6),
('Carne bovina Filé Mingnon grelhada', 100, 32.8, 102.8, 7.2, 1.9, 4.3, 2.8, 57.9, 219.7, 6),
('Carne bovina Fraldinha cozida', 100, 24.2, 64.8, 0.0, 0.0, 3.2, 2.0, 38.7, 338.4, 6),
('Carne bovina Fraldinha cru', 100, 17.5, 54.3, 0.0, 0.0, 3.1, 1.5, 51.2, 220.7, 6),
('Carne bovina Lagarto cozida', 100, 32.8, 55.7, 0.0, 0.0, 3.5, 1.8, 47.5, 222.4, 6),
('Carne bovina Lagarto cru', 100, 20.5, 55.7, 0.0, 0.0, 2.5, 1.3, 53.5, 134.8, 6),
('Carne bovina Língua cozida', 100, 21.3, 105.0, 0.0, 0.0, 5.9, 2.0, 59.0, 59.0, 6),
('Carne bovina Língua cru', 100, 17.0, 117.8, 0.0, 0.0, 5.0, 1.7, 73.0, 215.2, 6),
('Carne bovina Maminha cru', 100, 20.9, 50.8, 0.0, 0.0, 2.8, 1.1, 37.4, 152.7, 6),
('Carne bovina Maminha Grelhada', 100, 30.7, 87.7, 0.0, 0.0, 4.1, 2.4, 58.1, 153.0, 6),
('Carne bovina miolo de Alcatra cru', 100, 21,6, 60,3, 0.0, 0.0, 3,1, 1.9, 43.0, 162.8, 6),
('Carne bovina miolo de Alcatra grelhado', 100, 31.9, 92.2, 0.0, 0.0, 4.5, 3.1, 51.6, 241.3, 6),
('Carne bovina Músculo cozido', 100, 31.2, 56.1, 0.0, 0.0, 4.9, 2.3, 61.7, 193.8, 6),
('Carne bovina Músculo cru', 100, 21.5, 50.9, 0.0, 0.0, 3.6, 1.8, 66.0, 141.5, 6),
('Carne bovina Paleta cru', 100, 21.4, 58.2, 0.0, 0.0, 4.3, 1.7, 64.9, 158.7, 6),
('Carne bovina Paleta cozida', 100, 29.7, 55.6, 0.0, 0.0,  5.6, 2.1, 57.6, 193.6, 6),
('Carne bovina Patinho cru', 100, 21.7, 55.6, 0.0, 0.0, 3.2, 1.7, 49.1, 133.4, 6),
('Carne bovina Patinho cozido', 100, 35.9, 125.6, 0.0, 0.0, 4.7, 3.0, 60.2, 219.2, 6),
('Carne bovina Picanha cru', 100, 18.8, 59.5, 0.0, 0.0, 2.4, 1.7, 37.6, 212.8, 6),
('Carne bovina Picanha grelhada', 100, 26.4, 91.7, 0.0, 0.0, 4.0, 3.2, 60.0, 288.7, 6),
('Carne bovina Seca cozida', 100, 26.9, 100.1, 0.0, 0.0, 12.7, 1.8, 1943.1, 312.7, 6),
('Carne bovina Seca cru', 100, 19.6, 91.5, 0.0, 0.0, 14.1, 1.3, 4439.5, 312.7, 6),
('Coxinha de frango frita', 100, 9.6, 14.8, 34.5, 4.9, 18.3, 1.2, 532.1, 283.0, 6),
('Croquete de carne', 100, 12.0, 29.8, 13.9, 0.0, 15.4, 2.5, 710.6, 245.7, 6),
('Empada de frango Assada', 100, 6.9, 22.7, 47.4, 2.1, 15.6, 1.1, 524.9, 358.1, 6),
('Asa de Frango', 100, 18.1, 113.4, 0.0, 0.0, 10.9, 0.5, 96.3, 213.1, 6),
('Frango Caipira cozido', 100, 29.5, 105.5, 0.0, 0.0, 66.1, 2.1, 53.2, 195.7, 6),
('Coração de frango', 100, 12.5, 159.2, 0.0, 0.0, 5.5, 4.0, 95.0, 221.5, 6),
('Coxa de frango', 100, 28.4, 145.4, 0.0, 0.0, 8.3, 1.2, 94.8, 215.1, 6),
('Fígado de frango', 100, 17.5, 340.5, -0.0, 0.0, 5.6, 9.5, 82.4, 106.4, 6),
('Filé de frango à milanesa', 100, 28.4, 84.3, 7.5, 1.1, 8.9, 1.0, 122.3, 220.8, 6),
('Frango Assado', 100, 28.0, 110.9, 0.0, 0.0, 9.0, 0.5, 70.2, 187.3, 6),
('Peito de Frango', 100, 33.4, 109.0, 0.0, 0.0, 8.2, 0.4, 55.7, 211.6, 6),
('Frango sobrecoxa', 100, 28.7, 158.2, 0.0, 0.0, 10.6, 1.2, 95.9, 259.6, 6),
('Hambúrguer bovino', 100, 13.1, 70.0, 4.1, 0.0, 34.0, 1.8, 869.4, 214.8, 6),
('Linguiça de frango', 100, 14.2, 64.1, 0.0, 0.0, 10.8, 0.4, 1125.8, 218.1, 6),
('Linguiça de porco', 100, 20.4, 74.7, 0.0, 0.0, 8.4, 0.8, 1431.5, 279.5, 6),
('Mortadela', 100, 11.9, 82.7, 5.8, 0.0, 66.5, 1.4, 1212.1, 268.8, 6),
('Peru Assado', 100, 26.2, 91.2, 0.0, 0.0, 13.8, 0.5, 627.8, 163.0, 6),
('Bisteca de porco', 100, 21.5, 56.3, 0.0, 0.0, 6.1, 0.5, 54.2, 164.1, 6),
('Costela de porco', 100, 30.2, 112.8, 0.0, 0.0, 16.7, 1.0, 62.6, 402.1, 6),
('Lombo de porco', 100, 35.7, 103.0, 0.0, 0.0, 19.5, 0.4, 38.9, 210.2, 6),
('Pernil Assado', 100, 32.1, 109.7, 0.0, 0.0, 17.5, 1.2, 62.4, 262.2, 6),
('Presunto', 100, 20.1, 58.6, 0.0, 0.0, 12.9, 0.8, 101.8, 186.0, 6),
('Quibe', 100, 14.5, 33.7, 12.8, 1.8, 15.6, 2.1, 39.8, 136.2, 6),
('Salame', 100, 25.8, 85.0, 2.9, 0.0, 87.0, 1.2, 1574.1, 397.8, 6),
('Toucnho frito', 100, 27.2, 89.4, 0.0, 0.0, 9.4, 0.8, 124.8, 696.5, 6),
('Bebida láctea', 100, 2.1, 5.3, 7.5, 0.2, 88.6, 0.0, 46.2, 55.1, 7),
('Creme de Leite', 100, 1.5, 66.4, 4.5, 0.0, 82.7, 0.0, 0.0, 221.4, 7),
('Iogurte Natural', 100, 4.0, 13.7, 1.9, 0.0, 143.1, 0.0, 51.6, 51.4, 7),
('Iogurte Natural Desnatado', 100, 3.8, 3.3, 5.7, 0.0, 156.9, 0.0, 0.0, 41.4, 7),
