('Repolho roxo cru', 100, 1.90, 0, 7.2, 1.9, 43.6, 0.51, 2.3, 30.90, 2),
('Repolho roxo refogado', 100, 1.80, 0, 7.56, 1.75, 42.58, 0.46, 3.41, 41.77, 2),
('Rucúla crua', 100, 1.76, 0, 2.21, 1.74, 116.56, 0.93, 9.41, 13.13, 2),
('Salsa crua', 100, 3.25, 0, 5.70, 1.85, 179.41, 3.18, 2.3, 33.42, 2),
('Seleta de legumes enlatada', 100, 3.42, 0, 12.66, 3.09, 16.15, 1.06, 398.13, 56.53, 2),
('Serralha crua', 100, 2.67, 0, 4.94, 3.51, 126.02, 1.26, 19.34, 30.39, 2),
('Taioba crua', 100, 2.89, 0, 5.43, 4.45, 141.08, 1.90, 1.16, 34.20, 2),
('Tomate com semente cru', 100, 1.09, 0, 3.13, 1.17, 6.94, 0.23, 1.02, 15.33, 2),
('Extrato de tomate', 100, 2.43, 0, 14.95, 2.80, 29.07, 2.09, 497.93, 60.93, 2),
('Molho de tomate industrializado', 100, 1.375, 0, 7.71, 3.11, 11.72, 1.57, 418.28, 38.44, 2),
('Purê de tomate', 100, 1.36, 0, 6.84, 1.02, 13.24, 1.25, 103.93, 27.93, 2),
('Salada de tomate', 100, 0.81, 0, 5.11, 2.26, 6.94, 0.29, 5.24, 20.54, 2),
('Vagem crua', 100, 1.78, 0, 5.34, 2.38, 41.1, 0.43, 0, 24.89, 2),
('Abacate cru', 100, 1.23, 0, 6.03, 6.31, 7.91, 0.20, 0, 96.15, 3),
('Abacaxi cru', 100, 0.85, 0, 12.33, 0.98, 22.43, 0.25, 0, 48.32, 3),
('Polpa de abacaxi congelada', 100, 0.46, 0, 7.78, 0.32, 13.53, 0.35, 1.23, 30.59, 3),
('Abiu', 100, 0.83, 0, 14.92, 1.69, 5.78, 0.15, 0, 62.42, 3),
('Polpa de açai com xapore de guaraná e glucose', 100, 0.72, 0, 21.45, 1.72, 22.15, 0.26, 15.09, 110.29, 3),
('Polpa de açãi congelada', 100, 0.79, 0, 6.20, 2.55, 35.18, 0.43, 0.43, 58.04, 3),
('Acerola crua', 100, 0.90, 0, 7.96, 1.51, 12.55, 0.22, 0, 33.46, 3),
('Polpa de acerola congelada', 100, 0.59, 0, 5.54, 0.70, 7.59, 0.16, 1.28, 21.93, 3),
('Ameixa em caldas enlatada', 100, 0.40, 0, 46.82, 0.51, 13.15, 2.15, 2.70, 182.84, 3),
('Ameixa crua', 100, 0.77, 0, 13.85, 2.43, 5.72, 0.10, 0, 52.54, 3),
('Ameixa em caldas drenada enlatada', 100, 1.02, 0, 47.65, 4.54, 39.23, 2.69, 2.79, 177.35, 3),
('Atemóia crua', 100, 0.97, 0, 25.33, 2.13, 22.76, 0.16, 0.78, 96.97, 3),
('Banana da terra crua', 100, 1.43, 0, 33.66, 1.52, 4.15, 0.29, 0, 128.02, 3),
('Doce de banana em barra', 100, 2.16, 0, 75.66, 3.83, 11.95, 0.61, 9.88, 280.10, 3),
('Banana figo crua', 100, 1.13, 0, 27.80, 2.8, 6.35, 0.19, 0, 105.08, 3),
('Banana maçã', 100, 1.75, 0, 22.33, 2.59, 3.22, 0.20, 0, 86.80, 3),
('Banana nanica', 100, 1.39, 0, 23.84, 1.94, 3.41, 0.34, 0, 91.52, 3),
('Banana ouro', 100, 1.48, 0, 29.34, 1.95, 3.18, 0.33, 0, 112.36, 3),
('Banana pacova', 100, 1.22, 0, 20.31, 2.03, 5.49, 0.37, 0.93, 77.90, 3),
('Banana prata', 100, 1.26, 0, 25.95, 2.04, 7.56, 0.38, 0, 98.24, 3),
('Cacau cru', 100, 0.95, 0, 19.41, 2.18, 12.10, 0.25, 0.70, 74.29, 3),
('Cajá-manga', 100, 1.27, 0, 11.43, 2.57, 12.74, 0.15, 1.43, 45.58, 3),
('Polpa de cajá congelada', 100, 0.58, 0, 6.37, 1.36, 9.16, 0.32, 6.94, 26.32, 3),
('Caju cru', 100, 0.97, 0, 10.28, 1.68, 1.41, 0.15, 2.96, 43.06, 3),
('Polpa de caju congelada', 100, 0.48, 0, 9.35, 0.81, 0.83, 0.14, 4.16, 36.56, 3),
('Suco de caju concentrado envasado', 100, 0.40, 0, 10.73, 0.62, 0.97, 0.14, 45.04, 45.10, 3),
('Caqui chocolate', 100, 0.35, 0, 19.32, 6.51, 17.84, 0.09, 2.18, 71.35, 3),
('Carambola', 100, 0.87, 0, 11.48, 2.03, 4.78, 0.19, 4.09, 45.74, 3),
('Ciriguela', 100, 1.39, 0, 18.85, 3.90, 27.41, 0.35, 1.68, 75.59, 3),
('Cupuaçu', 100, 1.16, 0, 10.43, 3.11, 13.12, 0.48, 3.19, 49.42, 3),
('Polpa de cupuaçu congelada', 100, 0.84, 0, 11.38, 1.59, 5.49, 0.25, 0.68, 48.79, 3),
('Figo', 100, 0.96, 0, 10.24, 1.79, 27.39, 0.20, 0, 41.44, 3),
('Figo em caldas enlatado', 100, 0.56, 0, 50.33, 1.97, 32.61, 0.50, 6.87, 184.36, 3),
('Fruta-pão', 100, 1.08, 0, 17.17, 5.54, 33.67, 0.23, 0.79, 67.04, 3),
('Goiaba branca com casca', 100, 0.89, 0, 12.40, 6.33, 5.00, 0.17, 0, 51.73, 3),
('Doce de goiaba em pasta', 100, 0.57, 0, 74.12, 3.73, 10.06, 0.4, 3.7, 268.95, 3),
('Doce de goiaba cascão', 100, 0.41, 0, 78.70, 4.36, 14.69, 0.40, 11.02, 285.58, 3),
('Goiaba vermelha com casca', 100, 1.08, 0, 13.00, 6.22, 4.45, 0.17, 0, 54.16, 3),
('Graviola', 100, 0.84, 0, 15.83, 1.90, 40.11, 0.16, 4.16, 61.62, 3),
('Polpa de graviola congelada', 100, 0.56, 0, 9.78, 1.18, 5.97, 0.10, 3.04, 38.27, 3),
('Jabuticaba', 100, 0.61, 0, 15.25, 2.29, 8.34, 0.09, 0, 58.05, 3),
('Jaca', 100, 1.40, 0, 22.49, 2.38, 11.24, 0.38, 1.80, 87.92, 3),
('Jambo', 100, 0.88, 0, 6.49, 5.07, 13.8, 0.13, 21.65, 26.91, 3),
('Jamelão', 100, 0.54, 0, 10.62, 1.77, 3.09, 0.04, 1.36, 41.00, 3),
('Kiwi', 100, 1.33, 0, 11.49, 2.65, 23.91, 0.25, 0, 51.13, 3),
('Laranja-baía', 100, 0.97, 0, 11.46, 1.12, 35.40, 0.13, 0, 45.43, 3),
('Suco de laranja baía', 100, 0.65, 0, 8.69, 0, 5.92, 0.06, 0, 36.64, 3),
('Laranja da terra', 100, 1.07, 0, 12.86, 3.97, 51.08, 0.14, 0.83, 51.47, 3),
('Suco de laranja da terra', 100, 0.66, 0, 9.57, 1.03, 13.38, 0.08, 0, 40.95, 3),
('Laranja lima', 100, 1.05, 0, 11.53, 1.78, 31.46, 0.12, 1.11, 49.70, 3),
('Suco de laranja lima', 100, 0.71, 0, 9.16, 0.42, 7.73, 0, 0, 39.33, 3),
('Laranja pêra', 100, 1.04, 0, 8.94, 0.76, 21.88, 0.09, 0, 36.77, 3),
('Suco de laranja pêra', 100, 0.73, 0, 7.55, 0, 7.36, 0, 0, 32.70, 3),
('Laranja valência', 100, 0.76, 0, 11.72, 1.72, 33.73, 0.09, 0.62, 46.10, 3),
('Suco de laranja valência', 100, 0.48, 0, 8.55, 0.42, 9.07, 0, 0, 36.19, 3),
('Suco de limão cravo', 100, 0.32, 0, 5.24, 0, 10.18, 0.07, 0, 14.10, 3),
('Suco de limão galego', 100, 0.56, 0, 7.32, 0, 5.26, 0.05, 0, 22.22, 3),
('Limão tahiti', 100, 0.93, 0, 11.08, 1.18, 50.98, 0.17, 1.24, 31.81, 3),
('Maçã argentina com casca', 100, 0.22, 0, 16.58, 2.02, 3.39, 0.05, 1.31, 62.53, 3),
('Maçã fuji com casca', 100, 0.28, 0, 15.15, 1.34, 1.92, 0.09, 0, 55.51, 3),
('Macaúba', 100, 2.08, 0, 13.94, 13.44, 66.53, 0.80, 0.65, 404.28, 3),
('Doce de mamão em caldas drenado', 100, 0.19, 0, 54.00, 1.31, 20.01, 0.10, 2.91, 195.62, 3),
('Mamão formosa', 100, 0.81, 0, 11.55, 1.81, 24.87, 0.23, 3.25, 45.34, 3), 
('Mamão papaia', 100, 0.45, 0, 10.43, 1.04, 22.41, 0.19, 1.63, 40.15, 3),
('Doce de mamão verde em caldas drenado', 100, 0.31, 0, 57.63, 1.23, 12.43, 0.15, 4.74, 209.37, 3),
('Manga haden', 100, 0.40, 0, 16.66, 1.58, 11.65, 0.09, 0.55, 63.50, 3),
('Manga palmer', 100, 0.41, 0, 19.35, 1.63, 11.63, 0.09, 1.86, 77.49, 3),
('Polpa de manga congelada', 100, 0.38, 0, 12.51, 1.07, 7.12, 0.08, 6.73, 48.30, 3),
('Manga tommy atkins', 100, 0.85, 0, 12.77, 2.06, 7.63, 0.08, 0, 50.69, 3),
('Maracujá', 100, 1.98, 0, 12.26, 1.13, 5.39, 0.56, 1.58, 68.43, 3),
('Polpa de maracujá congelada', 100, 0.81, 0, 9.59, 0.50, 4.60, 0.29, 8.09, 38.75, 3),
('Suco de maracujá concentrado envasado', 100, 0.76, 0, 9.63, 0.35, 4.15, 0.34, 21.69, 41.96, 3),
('Melancia', 100,  0.88, 0, 8.13, 0.12, 7.72, 0.22, 0, 32.60, 3),
('Melão', 100, 0.67, 0, 7.52, 0.25, 2.85, 0.23, 11.16, 29.36, 3),
('Mexerica murcote', 100, 0.88, 0, 14.82, 3.07, 33.07, 0.06, 1.16, 57.59, 3),
('Mexerica rio', 100, 0.65, 0, 9.33, 2.73, 17.18, 0.08, 1.82, 36.87, 3),
('Morango', 100, 0.89, 0, 6.81, 1.72, 10.9, 0.32, 0, 30.14, 3),
('Nêspera', 100, 0.30, 0, 11.52, 2.95, 19.68, 0.14, 0, 42.53, 3),
('Pequi', 100, 2.33, 0, 12.97, 19.04, 32.44, 0.27, 0, 204.96, 3),
('Pêra park', 100, 0.23, 0, 16.07, 2.98, 8.71, 0.32, 0.98, 60.58, 3),
('Pêra williams', 100, 0.56, 0, 14.02, 3.01, 8.27, 0.09, 0, 53.30, 3),
('Pêssego aurora', 100, 0.82, 0, 9.32, 1.42, 3.23, 0.22, 0, 36.32, 3),
('Pêssego em caldas enlatado', 100, 0.70, 0, 16.88, 1.01, 4.09, 0.60, 3.20, 63.14, 3),
('Pinha', 100, 1.48, 0, 22.44, 3.35, 20.88, 0.21, 1.33, 88.47, 3),
('Pitanga', 100, 0.92, 0, 10.24, 3.23, 17.87, 0.39, 1.70, 41.41, 3),
('Polpa de pitanga congelada', 100, 0.28, 0, 4.75, 0.73, 7.79, 0.37, 5.02, 19.10, 3),
('Romã', 100, 0.40, 0, 15.10, 0.43, 4.75, 0.25, 0.59, 55.73, 3),
('Tamarindo', 100, 3.20, 0, 72.53, 6.44, 37.10, 0.55, 0.35, 275.69, 3),
('Tangerina poncã', 100, 0.84, 0, 9.60, 0.94, 12.89, 0.11, 0, 37.83, 3),
('Suco de tangerina poncã', 100, 0.52, 0, 8.8, 0, 4.2, 0, 0, 36.10, 3),
('Tucumã', 100, 2.09, 0, 26.47, 12.65, 46.33, 0.56, 3.89, 262.01, 3),
('Umbu', 100, 0.84, 0, 9.39, 1.98, 11.56, 0.09, 0, 37.01, 3),
('Polpa de umbu congelada', 100, 0.51, 0, 8.78, 1.33, 10.71, 0.20, 5.77, 33.94, 3),
('Uva itália', 100, 0.74, 0, 13.57, 0.92, 6.66, 0.14, 0, 52.87, 3),
('Uva rubi', 100, 0.60, 0, 12.69, 0.93, 7.61, 0.17, 7.91, 49.06, 3),
('Suco de uva concentrado envasado', 100, 0, 0, 14.70, 0.23, 9.31, 0.12, 9.58, 57.65, 3),
('Azeite de dendê', 100, 0, 0, 0, 0, 0, 0, 0, 884, 4),
('Azeite de oliva extra virgem', 100, 0, 0, 0, 0, 0, 0, 0, 884, 4),
('Manteiga com sal', 100, 0.41, 200.55, 0.06, 0, 9.42, 0.15, 578.69, 725.96, 4),
('Manteiga sem sal', 100, 0.39, 213.95, 0, 0, 3.60, 0, 3.84, 757.54, 4),
('Margarina com óleo hidrogenado com sal', 100, 0, 0, 0, 0, 5.55, 0.08, 894.03, 596.11, 4),
('Margarina com óleo hidrogenado sem sal', 100, 0, 0, 0, 0, 2.59, 0.05, 77.89, 722.52, 4),
('Margarina com óleo interesterificado com sal', 100, 0, 0, 0, 0, 4.54, 0, 560.79, 594.45, 4),
('Margina com óleo interesterificado sem sal', 100, 0, 0, 0, 0, 4.96, 0.07, 33.19, 593.13, 4),
('Óleo de babaçu', 100, 0, 0, 0, 0, 0, 0, 0, 884, 4),
('Óleo de canola', 100, 0, 0, 0, 0, 0, 0, 0, 884, 4),
('Óleo de girassol', 100, 0, 0, 0, 0, 0, 0, 0, 884, 4),
('Óleo de milho', 100, 0, 0, 0, 0, 0, 0, 0, 884, 4),
('Óleo de pequi', 100, 0, 0, 0, 0, 0, 0, 0, 884, 4),
('Óleo de soja', 100, 0, 0, 0, 0, 0, 0, 0, 884, 4),
('Filé de abadejo assado', 100, 23.52, 102.79, 0, 0, 22.60, 0.52, 334.39, 111.61, 5),
('Filé de abadejo cozido', 100, 19.34, 86.86, 0, 0, 16.73, 0.32, 189.33, 91.10, 5),
('Filé de abadejo cru', 100, 13.08, 31.40, 0, 0, 10.17, 0.10, 78.51, 59.11, 5),
('Filé de abadejo grelhado', 100, 27.61, 135.85, 0, 0, 20.17, 0.32, 305.09, 129.64, 5),
('Atum em conversa em óleo', 100, 26.18, 52.93, 0, 0, 6.51, 1.22, 362.14, 165.91, 5),
('Atum fresco cru', 100, 25.68, 47.8, 0, 0, 6.69, 1.27, 30.30, 117.50, 5),
('Bacalhau salgado cru', 100, 29.03, 138.88, 0, 0, 156.96, 0.85, 13585.05, 135.89, 5),
('Bacalhau salgado refogado', 100, 23.97, 111.96, 1.22, 0, 59.12, 0.15, 1256.27, 139.66, 5),
('Cação em postas com farinha de trigo frito', 100, 24.95, 74.90, 3.10, 0.53, 30.44, 0.99, 160.03, 208.33, 5),
('Cação em postas cozido', 100, 25.58, 83.25, 0, 0, 10.32, 0.31, 114.90, 116.01, 5),
('Cação em postas cru', 100, 17.85, 36.12, 0, 0, 8.70, 0.20, 176.02, 83.33, 5),
('Camarão rio grande cozido', 100, 18.96, 204.85, 0, 0, 89.74, 1.27, 366.55, 90.01, 5),
('Camarão rio grande cru', 100, 9.91, 123.98, 0, 0, 51.11, 0.66, 201.12, 47.18, 5),
('Camarão sete barbas frito', 100, 18.38, 283.13, 2.87, 0, 959.70, 2.43, 99.05, 231.24, 5),
('Caranguejo cozido', 100, 18.47, 84.60, 0, 0, 357.15, 2.86, 360.10, 82.72, 5)
('Corimba cru', 100, 17.36, 40.23, 0, 0, 40.05, 0.50, 47.01, 128.15, 5),
('Corimbatá assado', 100, 19.89, 80.09, 0, 0, 22.30, 0.97, 40.42, 261.45, 5),
('Corimbatá cozido', 100, 20.13, 74.61, 0, 0, 64.68, 0.62, 37.16, 238.69, 5),
('Corvina de água doce crua', 100, 18.91, 73.11, 0, 0, 39.43, 0.25, 45.09, 101.00, 5),
('Corvina do mar crua', 100, 18.57, 67.07, 0, 0, 0, 0.37, 67.97, 94, 5),
('Corvina grande assada', 100, 26.76, 117.05, 0, 0, 60.22, 0.53, 85.35, 146.52, 5),
('Corvina grande cozida', 100, 23.43, 122.55, 0, 0, 69.37, 0.57, 68.39, 100.07, 5),
('Dourado de água doce', 100, 18.81, 51.98, 0, 0, 12.13, 0.15, 40.29, 131.20, 5),
('Lambari congelado cru', 100, 16.81, 158.66, 0, 0, 1181.27, 0.90, 47.92, 130.84, 5),
('Lambari congelado frito', 100, 28.425, 246.32, 0, 0, 1881.03, 0.81, 64.55, 326.86, 5),
('Lambari fresco cru', 100, 15.65, 144.25, 0, 0, 590.72, 0.63, 41.10, 151.59, 5),
('Manjuba com farinha de trigo frita', 100, 23.45, 281.75, 10.24, 0.36, 763.30, 3.04, 36.52, 343.55, 5),
('Manjuba frita', 100, 30.13, 270.34, 0, 0, 575.02, 0.91, 40.61, 349.32, 5)